s2test0 1307279743139898143812653420231579183575765209942963749559320746306992161302870340824608848131527429521509248427205617664724114908209589243248985881646055113521758099888491472416015610535399411354905508635832739574854953960218671004491623946705352721034329507317179188598808139875402577561963824993689628
s2test0 728824690314490946788290145107013237300627766977227068049556090561882496491531803373805712891941500261454620336273198840251811642853238366091787673555217830677462570014573650600347732429911021110156094086574155478301907943129970166566732236830934117950486030248049211389207380157339269958679322465280036
s2test0 985835011821342841848664671499446283352892011491939781673070503705009301230400705604506596995742922135913513042434202721268199850944950915530171571017426855873234862603452915781886372372187138564293805448369053189379437526082958807312818608788465949706763536236892174984713194530470683686191528170258539
5809546505420261572753898283568263391660544606868027756563329742404639169913476232386367226955079096565863742004844701890285060909730387699816893221254676844519952484620918540463576591036686868924157093646488739719890039382283453064081682380738040483007008052668756007144790489985992781005715351820222476
600152115444894469920772781483259290788385491368602541052376957670731977892782731273971128072705470397173143501359349868656494061353916365365251025342141475444450250403700889679889938732469267327620038032857828741743711705372647052797009444524196052429992958554888550426502874832631378796397626743078944
407311932137754733886330401823456755288234593766917735909248969573647283330400332537903404734144793585573317062884003433220427918436065371624567056947437258203834553677724930963732522268807986151912474273653362732776727118903019581089654954050166079595185950949953349430664954514507324916685903161819181
407453241480834929487193125545160869705450388849945098666284266026826001504322449207035788802088135774462915568271727546245701497587318928907360062771676225183282422151729717757717530704938126429677264821212370332378793889664923932423146710604055124835090089862841803605292271500221526753131320110956738
3728876115761066423578822720127760864431343071284964159176483755461185290272310388470934918486827395799996493196627365905329826761361191821298861230920062436723728629961192067856850216604882923316686774323289973306684266167020817527169306426279479287375500629544978778017394713304945659396323345974001721
707258470518912878373799804413667654411667601650952719515914495246460225523783432921694182857851660033978291623291081513444131839401712991080313566784070461110811730202602302137430701890833041676987753165949701021307057648223138612989798080192170689624641357295804478553715989254449568205335501884366945
1178947256583868441916253962883274623993393538501124050226825560016226982592142041297412035718748318771043242523796922412203681072408449826428956098789699978918735843098484911718252882519001210315887077705853120906862658716546506547279333307140638096033423664602705995776208166959866656463139361429602317
1200484738512535596266280971008064481764165721832635159115059166327596269294526914046221852480070457628897149371258648017685842585011747965176681983674072432928322048364573047446841241514475586589617770725986921141017315466041763362936544525920052559409625219248914824864649632320511999041244280285003822
921628220731523293073554256542781388524702588920580346546835067184568559713889446724761881013914125392871218626446104450929148840101662521120018841135631192564470529298747541716993721488365633776971180616446758727842711064475845165057138354935792684162627025024993729234590225412232905097486593744625702
